CAEN columns: ['CAEN_BILANT_2018']
Total rows: 1186
Matches for CAEN ['4661', '2830', '4664']: 1

1. ORIZONTUL STOICĂNEŞTILOR COOPERATIVĂ AGRICOLĂ | Olt, Stoicăneşti | CAEN:4661.0 | CA:17550.0 | 


All unique CAEN values (55):
  1011.0
  1012.0
  1032.0
  1039.0
  1041.0
  1051.0
  1061.0
  1071.0
  1089.0
  1091.0
  1102.0
  111.0
  113.0
  116.0
  119.0
  121.0
  123.0
  124.0
  125.0
  127.0
  128.0
  129.0
  130.0
  141.0
  142.0
  145.0
  146.0
  147.0
  149.0
  150.0
  161.0
  162.0
  163.0
  164.0
  2059.0
  311.0
  312.0
  4611.0
  4621.0
  4622.0
  4623.0
  4631.0
  4632.0
  4633.0
  4639.0
  4661.0
  4690.0
  4711.0
  4721.0
  4729.0
  4781.0
  4799.0
  5210.0
  7022.0
  9499.0
